# ds4-expert-priority 1
# V4.1 DECODE-PHASE profile from served requests (IE_DS41_PROFILE_OUT): 3813 generated tokens
# total selections 912480
experts 384
layers 40
# per-layer residency order, most-selected first WITHIN EACH LAYER
layer 0
242
35
142
237
269
85
86
378
162
124
198
69
2
112
299
55
229
238
197
308
118
10
64
338
141
314
203
286
29
48
30
347
322
41
132
115
98
152
296
4
190
28
68
290
282
40
87
223
337
369
372
12
353
201
283
170
196
191
209
61
188
49
135
345
332
241
62
84
127
155
256
153
264
262
11
341
350
366
371
236
307
381
116
146
232
258
270
285
297
39
211
225
208
274
159
260
180
15
228
352
59
302
128
176
335
367
24
319
104
126
34
138
212
261
370
67
165
157
257
333
110
185
325
149
263
259
318
340
108
287
253
294
379
382
161
355
145
248
167
240
278
43
289
328
77
129
301
368
268
323
133
213
42
166
183
277
343
54
56
88
204
293
158
217
310
311
342
383
90
92
193
200
251
291
306
357
32
94
96
207
358
63
105
120
267
303
16
26
44
72
151
231
273
279
317
36
95
111
304
45
114
99
181
205
276
280
324
351
66
121
156
186
227
82
17
76
189
195
300
346
359
5
71
140
143
194
288
172
222
252
8
230
356
361
216
320
349
9
73
130
174
184
330
375
70
78
101
168
169
219
275
327
0
14
106
147
173
239
245
321
364
136
298
305
316
27
53
81
119
134
348
312
182
354
131
254
334
344
31
33
38
271
23
192
234
243
109
266
365
7
107
215
313
377
247
284
148
199
246
265
281
113
144
178
187
363
75
315
362
20
117
123
235
331
46
125
175
272
1
214
60
97
154
160
329
336
360
3
47
58
102
177
255
295
326
380
50
91
74
79
89
249
250
374
18
19
21
25
37
51
80
137
150
206
224
244
309
52
57
83
163
164
220
226
339
376
22
65
139
179
221
6
13
93
100
103
122
171
202
210
218
233
292
373
layer 1
85
370
213
336
43
274
217
337
227
192
152
89
114
87
178
272
120
62
100
104
300
151
5
200
349
317
265
379
108
128
377
133
82
176
22
307
253
72
318
198
194
244
137
283
117
168
177
94
162
127
175
258
101
375
378
163
122
185
35
161
218
56
4
216
67
15
164
289
98
149
153
64
214
147
184
129
113
157
348
355
247
308
158
329
362
251
319
267
310
339
206
119
324
332
12
45
88
93
190
294
186
371
381
19
112
245
359
0
130
134
188
297
52
148
263
65
172
236
277
201
6
14
55
293
323
31
73
131
219
254
311
369
10
141
99
209
222
223
356
2
30
167
224
357
90
155
321
345
59
143
228
335
92
347
23
260
3
49
71
365
106
285
173
212
271
366
103
182
203
296
248
24
53
174
233
344
39
221
382
48
51
63
280
299
358
34
54
84
191
257
270
284
343
7
159
239
33
46
47
145
156
279
298
376
195
199
226
333
8
353
102
170
211
262
363
20
50
61
91
138
193
286
57
179
220
250
306
380
37
70
140
154
249
252
301
21
42
77
83
210
241
256
281
291
314
325
338
60
183
238
328
25
80
118
123
340
1
111
144
215
232
259
354
360
169
303
327
11
68
121
165
268
295
334
361
373
374
16
97
115
171
234
240
316
41
116
246
326
69
78
264
292
368
38
105
160
181
372
29
36
79
86
150
237
275
287
290
305
13
28
32
75
81
124
230
235
242
273
313
320
330
341
346
350
110
342
44
66
180
207
208
315
322
383
18
146
202
288
304
109
126
135
136
166
189
197
243
255
26
40
107
266
302
309
312
364
27
95
96
125
142
261
269
278
205
231
331
367
9
17
58
74
76
132
139
187
196
204
225
229
276
282
351
352
layer 2
305
91
268
53
190
120
353
149
267
228
194
314
216
137
323
315
87
303
230
324
362
124
142
220
337
289
233
15
130
50
352
144
49
260
131
293
271
160
383
138
207
27
170
166
307
215
279
234
357
41
217
380
109
114
112
14
256
265
296
365
22
42
25
321
297
10
290
11
351
74
269
203
270
172
121
213
249
344
336
32
205
6
355
152
30
246
7
70
255
59
224
174
133
158
200
299
45
97
291
178
40
95
209
107
206
89
141
56
99
8
31
96
132
285
311
342
26
250
295
110
236
84
134
184
47
222
313
316
327
9
76
140
218
254
286
67
192
283
306
82
108
101
210
292
277
148
235
146
204
257
105
189
202
221
238
370
129
162
157
226
282
320
176
12
214
343
136
68
77
104
139
181
363
135
115
308
340
20
179
199
304
339
368
98
280
333
382
29
58
73
302
376
377
60
195
232
243
252
359
13
65
334
375
196
262
347
17
201
212
36
51
94
118
156
241
326
328
39
151
186
278
348
358
5
79
122
165
177
229
248
284
335
71
75
92
126
145
223
240
300
2
28
66
78
117
167
168
187
364
24
100
163
180
211
247
258
354
23
93
193
242
276
325
69
116
150
185
331
360
161
239
266
288
3
16
19
33
35
48
102
274
366
378
1
80
88
183
198
251
281
298
330
341
103
106
191
219
261
301
319
329
46
54
119
127
171
227
231
244
287
294
312
317
322
381
0
21
57
72
81
83
143
147
173
273
275
367
369
372
373
37
43
44
52
62
86
125
128
155
175
18
55
61
63
85
111
154
182
208
225
259
264
272
318
332
338
345
356
361
371
374
4
34
38
64
90
113
123
153
159
164
169
188
197
237
245
253
263
309
310
346
349
350
379
layer 3
153
131
291
349
257
376
343
317
21
224
61
275
218
5
330
92
54
173
168
205
11
332
302
137
283
89
331
101
246
293
357
90
136
122
33
38
377
12
381
305
329
207
321
258
151
110
39
277
172
269
107
148
15
206
378
365
268
114
245
37
87
335
138
256
102
225
373
95
104
183
360
171
71
145
355
165
301
351
295
266
267
56
220
154
244
333
298
34
67
182
228
22
80
260
55
324
265
368
202
31
24
75
166
288
327
359
143
237
254
13
236
312
318
325
374
150
159
193
294
170
240
126
353
274
300
308
309
161
323
337
191
195
144
334
70
76
197
270
222
226
4
286
156
299
304
99
189
184
51
116
194
49
180
155
119
123
132
120
130
163
186
297
314
362
45
18
303
339
7
289
320
338
199
239
247
2
200
350
103
234
233
35
62
185
181
190
375
73
177
348
81
229
273
231
262
64
50
128
271
346
336
169
250
65
214
44
83
149
344
108
141
276
9
167
243
371
249
322
352
16
252
14
134
179
251
272
316
1
10
23
28
124
178
363
8
121
198
278
68
85
341
379
40
160
279
354
370
20
69
82
232
235
281
282
326
358
17
26
29
93
106
215
285
361
367
118
213
217
230
255
259
382
27
32
192
201
42
91
111
125
188
210
253
307
74
94
204
238
264
313
319
366
0
25
43
53
57
66
84
96
117
133
139
196
203
211
221
356
380
46
52
78
79
86
88
97
98
135
209
219
287
315
345
36
47
60
100
109
113
115
142
162
175
212
227
248
296
310
383
19
30
63
72
105
140
146
147
152
157
158
216
223
261
263
284
292
311
347
372
3
6
41
48
58
59
77
112
127
129
164
174
176
187
208
241
242
280
290
306
328
340
342
364
369
layer 4
122
156
367
286
329
291
89
278
177
140
73
342
141
251
347
350
265
144
346
161
340
208
335
195
319
301
294
297
211
343
17
21
236
260
199
221
112
184
147
254
181
223
37
280
191
154
298
219
75
83
293
322
379
62
288
310
10
258
382
157
245
271
194
257
16
292
132
58
8
358
88
276
378
173
311
70
105
198
44
9
94
373
146
279
148
312
54
86
110
315
375
126
285
230
178
210
383
168
82
145
18
187
237
35
268
179
59
359
333
38
45
174
235
204
357
215
331
290
361
124
220
61
40
214
127
264
30
351
302
107
169
23
56
135
360
206
270
136
196
192
314
306
316
337
100
165
47
102
160
72
134
376
253
307
353
246
372
65
262
313
338
259
284
68
90
117
39
267
3
250
261
78
365
12
87
5
25
93
103
330
26
119
348
111
167
248
289
114
116
272
318
13
95
99
128
303
42
60
46
101
115
120
123
205
226
29
69
224
2
213
225
321
212
266
327
336
362
371
63
139
273
0
28
36
51
92
137
188
364
19
53
176
183
233
320
76
106
282
323
344
48
49
77
152
227
281
317
326
363
34
121
189
203
218
229
84
193
207
252
20
52
85
150
232
243
309
325
377
15
22
41
43
131
133
185
200
234
380
1
91
151
164
277
296
352
355
7
153
171
228
256
295
304
370
209
287
328
356
369
14
32
109
113
158
190
231
308
50
55
97
142
159
163
240
241
242
269
339
368
31
33
57
149
166
170
249
324
381
79
96
143
172
180
197
222
239
244
274
332
366
64
71
81
104
125
155
175
201
238
255
275
300
6
11
98
108
162
202
216
217
299
334
354
374
4
24
27
66
67
74
80
118
129
130
138
182
186
247
263
283
305
341
345
349
layer 5
40
304
113
167
231
317
57
322
337
33
37
121
219
79
136
5
194
184
352
228
157
141
293
259
7
154
159
115
329
193
117
361
232
26
203
379
67
119
54
302
303
152
225
253
365
13
137
139
267
368
338
343
9
282
288
310
319
314
315
187
1
285
326
53
155
44
149
42
334
81
35
284
58
100
374
369
306
291
360
19
68
323
69
345
376
144
195
66
251
134
258
61
263
367
128
160
278
73
177
216
156
94
283
36
321
83
179
196
86
15
199
339
363
221
25
356
248
354
46
55
109
355
286
127
335
161
39
215
16
198
48
256
247
124
192
371
104
298
375
210
250
4
6
132
185
8
189
206
205
212
239
242
260
341
346
268
82
158
183
222
234
60
99
102
200
349
10
21
151
77
292
52
245
29
63
170
357
112
162
207
224
331
62
116
140
143
235
165
172
325
130
106
294
311
38
257
342
18
32
45
164
204
43
186
269
316
353
34
229
373
90
107
150
295
328
0
72
214
307
226
350
370
28
138
148
169
202
237
243
377
31
47
89
168
171
240
273
299
313
22
122
209
71
96
125
153
181
188
191
264
272
281
312
327
358
51
88
255
351
372
133
147
223
65
80
178
197
275
309
333
12
76
85
146
190
208
211
252
261
301
364
2
14
56
84
93
118
120
142
173
182
254
340
347
381
17
20
30
41
74
201
218
330
366
380
70
78
98
163
174
271
280
287
305
320
49
50
59
111
131
213
217
241
244
249
297
382
383
3
27
103
105
114
180
230
236
262
265
289
308
318
324
348
24
92
97
110
123
135
220
227
246
276
277
290
332
336
359
378
11
126
166
175
176
238
266
279
300
344
362
23
64
75
87
91
95
101
108
129
145
233
270
274
296
layer 6
122
140
104
360
257
244
251
5
44
196
372
249
275
146
311
300
333
317
192
56
337
280
190
26
332
98
246
200
349
263
277
283
10
148
370
169
125
312
3
224
117
206
254
118
51
282
339
46
378
124
69
293
59
101
60
183
66
92
110
358
230
361
382
72
81
22
120
227
133
348
17
273
99
274
302
354
369
248
30
209
298
284
112
341
67
174
47
77
134
181
233
123
242
308
103
240
299
252
33
191
343
203
292
53
241
11
268
166
189
291
329
129
144
167
79
116
153
180
201
272
68
204
1
84
182
340
82
48
12
88
126
137
185
328
371
58
269
294
37
73
90
102
114
353
8
255
383
322
171
175
316
376
18
36
288
194
63
342
108
154
163
202
31
229
215
221
357
100
149
309
315
20
128
211
250
271
301
307
28
243
297
313
381
50
54
61
162
351
6
15
142
164
260
261
276
290
326
374
2
27
78
367
373
34
161
173
177
245
279
330
64
65
89
197
207
212
214
306
310
7
71
91
150
152
178
356
106
225
267
40
97
111
113
226
228
346
368
23
105
107
157
158
205
9
13
21
55
187
210
325
327
29
135
141
147
160
176
219
331
347
74
143
151
235
258
266
303
359
363
377
80
85
93
109
165
172
184
217
256
287
336
338
24
32
45
76
119
145
168
195
231
238
305
321
323
375
25
35
49
62
75
94
95
130
132
216
220
223
234
278
285
286
314
334
345
366
19
39
43
86
138
159
170
179
188
208
218
232
253
262
270
295
304
320
352
4
14
38
52
70
96
115
121
131
139
155
156
193
199
213
222
236
237
259
264
265
289
335
350
364
365
379
380
0
16
41
42
57
83
87
127
136
186
198
239
247
281
296
318
319
324
344
355
362
layer 7
245
207
287
20
102
90
196
137
335
154
297
148
187
19
5
164
228
98
67
44
376
106
88
62
0
188
53
157
122
254
51
200
201
123
175
358
131
337
296
93
250
29
162
208
204
63
144
140
229
247
278
354
4
150
213
255
104
114
13
323
166
359
275
342
39
339
143
124
171
328
336
115
125
372
182
81
291
279
8
134
235
170
353
227
352
32
107
136
94
265
128
361
73
24
22
193
313
344
322
295
108
169
350
176
58
7
217
314
379
78
198
215
366
218
225
289
27
236
82
84
231
305
12
309
317
65
239
240
46
226
206
272
26
48
224
299
36
113
151
156
377
306
340
1
181
373
21
83
165
248
311
23
168
241
320
103
288
332
271
61
273
293
307
348
18
152
45
316
101
10
221
3
72
167
60
64
112
212
233
365
139
141
160
177
315
86
180
269
35
85
92
118
172
284
292
310
312
343
374
251
300
330
178
191
205
351
120
129
155
276
80
189
25
31
40
77
220
75
99
111
126
163
243
252
258
260
266
338
380
117
185
267
285
38
59
234
282
283
329
68
109
190
253
268
341
356
89
105
130
230
242
331
357
41
96
142
363
11
49
214
219
244
326
349
382
42
57
74
132
153
199
262
277
318
347
16
37
149
158
186
202
210
259
270
290
298
302
319
324
333
383
9
28
55
69
79
232
325
360
17
50
56
66
70
97
110
159
192
194
257
264
303
345
14
76
121
147
174
179
183
195
321
370
381
15
71
95
100
119
133
138
146
161
223
246
261
34
43
47
54
135
145
173
184
211
249
294
362
378
2
30
33
116
127
256
304
327
346
368
369
6
52
87
91
197
203
209
216
222
237
238
263
274
280
281
286
301
308
334
355
364
367
371
375
layer 8
288
29
67
210
229
270
289
325
14
310
361
349
245
178
265
16
30
261
104
277
73
112
271
213
34
169
282
320
88
360
223
374
127
55
305
231
296
113
248
232
324
204
105
246
371
158
216
336
153
212
338
171
341
186
121
332
378
262
197
352
258
316
319
133
295
54
98
41
60
139
373
80
97
227
87
304
5
36
42
95
286
302
370
279
365
164
107
129
280
135
163
0
78
168
24
137
234
165
192
347
122
202
61
102
179
203
372
256
193
91
211
224
298
381
4
17
156
200
58
220
321
377
45
49
141
177
218
353
9
65
188
254
294
8
115
196
333
25
291
103
184
118
68
183
226
330
57
117
198
219
123
114
241
351
51
134
252
342
151
250
272
297
350
214
240
46
146
348
38
161
207
233
92
138
172
209
71
99
337
313
101
152
323
124
276
343
355
100
356
157
208
257
93
142
194
28
35
173
189
215
267
329
70
260
278
366
26
43
155
228
89
111
206
235
83
143
225
1
85
376
69
81
126
263
268
13
18
75
82
293
299
318
379
44
185
221
308
363
53
66
90
174
269
274
328
359
37
154
281
283
300
346
357
383
50
110
191
273
301
303
306
317
364
27
131
145
354
362
380
22
195
205
238
344
375
2
15
23
47
74
96
239
285
292
21
64
119
120
149
170
187
275
311
315
340
369
19
20
116
130
237
339
367
6
11
62
140
176
190
331
334
345
382
39
84
136
148
180
243
249
251
287
307
309
326
327
32
33
40
63
72
86
128
147
160
181
222
259
264
284
3
10
31
52
56
76
77
79
106
109
144
150
159
166
199
201
217
255
290
312
314
322
7
12
48
59
94
108
125
132
162
167
175
182
230
236
242
244
247
253
266
335
358
368
layer 9
263
197
345
86
77
9
266
155
288
115
3
335
119
53
10
36
342
180
16
24
188
249
75
45
102
339
134
297
110
149
245
257
131
137
324
8
58
252
56
70
377
311
22
208
331
107
13
127
334
234
206
15
66
333
2
202
91
150
41
303
111
168
350
135
224
156
274
100
329
343
322
294
321
366
176
179
147
170
232
258
90
289
54
158
200
325
20
47
121
203
4
46
120
231
148
286
340
61
184
285
26
318
201
246
355
204
196
378
320
236
292
37
167
244
195
222
268
116
210
31
42
138
255
187
373
238
146
312
271
356
212
82
282
330
104
315
79
132
161
177
50
141
319
237
251
17
337
19
327
51
114
163
219
302
169
308
223
300
314
78
250
153
173
239
265
317
364
117
183
98
123
164
383
5
52
99
235
256
220
261
35
39
152
229
279
18
62
85
154
242
367
63
118
182
190
259
336
305
323
93
125
351
370
379
189
217
247
278
304
362
381
144
199
211
347
1
25
32
59
101
130
254
260
296
145
162
269
105
129
160
191
221
354
67
81
165
215
264
287
301
33
97
108
112
27
40
48
73
194
21
136
142
151
213
248
328
358
84
174
175
205
281
346
371
76
92
133
193
214
216
240
273
295
6
124
218
227
313
316
357
29
68
172
198
233
241
267
299
344
353
375
55
64
83
181
186
270
306
338
360
368
11
128
139
192
225
352
369
382
71
80
94
157
209
284
290
310
341
374
376
44
60
95
96
106
166
243
277
283
309
326
359
14
74
87
88
143
171
178
226
280
291
298
361
12
23
28
30
34
38
49
72
122
159
228
230
262
272
275
276
332
349
365
380
0
7
43
57
65
69
89
103
109
113
126
140
185
207
253
293
307
348
363
372
layer 10
381
266
287
322
165
57
339
341
173
335
74
363
182
181
61
297
8
201
197
342
276
66
134
43
117
237
11
153
109
51
195
296
274
273
67
120
19
94
256
281
279
70
144
91
167
208
32
158
128
227
110
166
344
373
79
80
376
107
168
47
210
125
252
1
186
258
382
132
25
318
41
84
169
313
247
329
326
150
202
369
15
146
356
219
233
224
180
56
352
17
75
5
262
362
142
374
95
254
372
159
349
2
152
312
324
143
139
292
327
255
257
18
39
308
184
230
305
358
216
162
295
209
306
328
346
355
154
6
151
340
288
321
179
52
147
214
299
33
127
223
236
347
35
87
161
357
78
126
155
368
26
170
245
0
149
48
203
59
97
320
371
93
267
271
45
76
21
53
62
63
115
104
123
378
58
69
92
284
302
332
251
187
40
156
171
185
345
211
330
23
82
27
50
122
244
350
29
336
7
114
145
300
282
383
86
277
293
334
85
221
278
280
379
206
264
265
28
111
238
286
314
49
54
113
190
193
311
331
199
232
9
157
30
136
140
141
243
275
99
289
13
106
130
196
249
353
365
12
34
46
98
100
377
60
119
178
212
263
315
20
22
37
124
234
235
303
105
108
112
121
129
138
172
188
222
246
250
261
316
351
3
4
16
38
42
96
101
131
137
225
242
283
285
359
367
44
72
103
133
148
205
207
218
229
309
310
323
338
24
71
81
102
160
174
177
191
213
226
272
290
317
366
380
65
135
183
192
200
241
291
294
375
10
55
64
73
77
89
90
118
164
175
176
194
204
228
240
260
269
301
307
325
333
337
348
354
360
361
364
370
14
31
36
68
83
88
116
163
189
198
215
217
220
231
239
248
253
259
268
270
298
304
319
343
layer 11
35
24
20
214
353
294
60
13
224
320
254
263
56
111
315
227
285
243
291
363
299
229
279
203
177
138
349
181
141
130
145
302
191
218
275
83
187
188
297
82
147
174
324
332
65
94
253
124
333
329
242
356
140
219
150
52
236
47
313
228
280
114
175
376
102
273
131
365
148
211
343
245
132
22
226
166
287
7
258
68
383
99
265
231
371
213
230
19
307
11
30
309
321
149
125
85
195
98
176
100
256
8
15
122
374
164
21
200
290
162
163
215
88
37
96
259
328
57
357
270
337
75
25
50
168
196
308
154
252
368
119
152
128
142
158
14
107
369
266
325
49
261
310
91
129
208
1
34
186
237
6
36
17
27
90
348
247
355
42
251
31
372
380
28
33
209
212
301
73
358
81
157
235
221
334
382
0
172
288
5
278
292
173
298
264
295
347
32
233
239
260
303
375
64
78
171
202
39
274
4
92
103
133
182
351
360
326
135
192
225
2
70
72
93
146
160
184
216
86
87
120
268
311
379
108
199
207
361
143
153
238
312
234
246
284
121
249
257
304
381
9
29
54
139
220
272
339
89
97
109
126
43
44
240
271
352
110
123
155
222
232
338
46
183
189
262
10
38
48
55
306
23
67
127
205
267
346
359
74
105
106
118
170
179
314
41
66
79
95
101
165
178
206
250
255
293
350
362
378
45
144
161
204
244
322
323
364
40
53
61
71
76
104
116
136
217
223
241
282
305
335
344
373
3
26
115
117
151
180
197
201
286
317
330
367
370
377
12
16
59
62
63
80
112
134
156
185
193
194
198
248
269
276
281
283
289
300
327
331
336
340
342
345
366
18
51
58
69
77
84
113
137
159
167
169
190
210
277
296
316
318
319
341
354
layer 12
136
296
44
225
162
151
0
144
310
279
328
12
123
163
27
36
143
40
254
267
366
380
252
87
347
71
49
206
253
51
207
381
96
360
215
345
168
224
275
176
104
6
109
382
139
348
230
194
48
19
90
335
53
229
181
93
320
336
64
376
185
283
100
154
159
269
205
33
43
282
11
187
209
220
295
55
248
57
300
302
20
321
293
46
255
340
39
111
127
299
14
54
62
175
217
94
77
110
280
319
59
158
208
233
80
118
332
303
334
106
266
307
272
238
192
251
131
270
370
359
5
72
74
213
124
145
214
326
212
216
323
329
92
66
95
180
7
75
76
135
339
179
196
160
222
373
232
244
289
156
50
101
132
327
349
271
32
29
129
177
292
150
171
287
375
278
285
114
133
298
361
25
98
170
324
23
231
263
4
315
331
91
308
8
341
15
183
240
333
108
219
247
38
141
210
128
167
342
383
284
286
218
377
41
65
83
89
249
258
312
362
63
235
337
350
78
152
190
317
363
1
28
105
188
35
239
31
97
174
199
250
3
58
61
107
223
330
10
52
79
113
134
189
294
9
202
236
276
277
369
21
67
73
88
125
161
201
261
281
288
301
322
371
126
290
338
372
138
146
178
186
246
304
367
368
379
16
103
115
164
184
241
260
343
352
24
26
42
86
99
102
130
140
195
259
314
353
357
378
37
81
117
137
142
242
243
264
291
70
85
182
198
200
221
227
262
265
268
318
13
30
34
47
120
147
173
228
234
273
306
311
356
17
18
60
69
122
153
169
172
226
245
256
309
313
358
364
374
2
45
82
84
116
119
121
166
211
274
351
355
365
22
56
68
112
148
149
155
157
165
191
193
197
203
204
237
257
297
305
316
325
344
346
354
layer 13
148
377
353
296
83
266
3
42
19
298
207
281
38
58
137
18
131
164
14
143
67
47
376
1
235
173
285
237
175
309
314
66
40
206
371
372
232
8
140
274
293
212
287
20
78
26
87
201
28
121
346
369
33
169
269
253
295
283
286
11
254
338
153
358
260
10
59
86
154
292
356
82
152
249
81
271
275
337
370
112
224
222
23
24
218
191
226
106
367
157
359
71
127
174
272
327
364
151
297
150
166
210
348
321
123
37
50
263
278
79
95
128
109
246
252
300
29
117
305
4
0
229
209
344
197
111
279
190
345
340
22
236
21
247
303
335
160
126
145
239
312
35
73
88
290
366
172
204
261
223
245
258
267
324
77
180
104
159
184
363
60
63
142
139
181
188
193
56
90
147
176
262
168
203
234
251
255
339
352
381
53
265
313
241
355
65
221
273
326
120
177
228
13
84
289
373
5
113
124
225
74
198
54
62
115
122
149
205
215
323
41
194
230
248
48
91
134
167
306
36
49
211
308
380
216
332
361
130
220
378
99
242
264
268
276
280
282
310
368
94
96
199
202
227
329
330
2
76
171
231
243
325
336
101
136
192
34
69
93
129
240
284
311
45
46
52
57
72
85
98
108
116
301
331
334
31
64
178
195
328
342
347
43
70
110
114
118
135
189
233
382
27
102
179
185
307
316
319
320
341
351
7
97
103
322
333
357
16
25
55
61
80
107
138
170
214
299
30
141
146
217
257
277
302
304
315
6
12
39
44
105
133
156
186
196
219
238
244
318
343
354
375
17
68
89
92
132
161
162
163
182
256
259
270
288
291
294
374
9
51
75
100
125
155
165
183
213
317
15
32
119
144
158
187
200
208
250
349
350
360
362
365
379
383
layer 14
146
358
249
371
50
353
231
80
70
85
47
346
295
116
337
349
273
130
243
140
51
283
354
276
160
317
352
122
161
376
167
239
157
262
202
375
216
328
361
278
357
156
1
22
89
103
256
299
289
181
20
16
29
56
168
259
366
310
63
193
270
83
64
78
117
129
25
380
182
45
382
153
139
305
147
331
214
383
145
367
11
149
381
159
32
72
30
127
59
211
10
18
150
365
95
126
217
315
165
350
355
194
235
248
291
88
343
176
250
65
94
258
279
0
61
151
109
158
215
252
341
221
377
197
37
164
240
198
137
142
192
204
162
282
294
340
6
201
247
97
100
327
106
46
183
292
40
90
102
134
373
275
14
58
71
121
132
325
110
113
171
322
188
195
210
308
124
306
223
255
57
287
290
319
33
36
93
225
284
288
302
360
363
23
43
190
242
323
92
301
42
77
233
172
180
260
268
73
184
245
4
28
128
293
21
91
286
123
241
251
265
280
17
3
13
141
296
320
329
356
257
316
335
364
254
362
39
48
101
189
114
244
277
304
370
27
38
112
222
269
379
2
5
54
55
76
115
200
228
246
267
15
68
213
227
229
271
334
74
84
98
152
166
238
339
24
26
52
53
87
163
199
219
281
342
8
41
170
207
209
232
303
333
359
368
378
7
60
99
107
125
133
154
174
178
253
309
44
118
138
169
177
203
234
237
263
264
307
312
318
321
332
344
345
374
49
67
75
86
96
105
111
136
143
179
187
196
261
297
347
351
369
19
62
82
175
185
186
206
224
230
313
324
336
9
12
31
34
35
66
69
79
81
104
108
119
120
131
135
144
148
155
173
191
205
208
212
218
220
226
236
266
272
274
285
298
300
311
314
326
330
338
348
372
layer 15
200
23
165
351
383
334
324
304
133
8
303
79
33
206
292
302
368
6
369
139
51
46
229
224
276
157
194
246
106
131
186
337
352
40
123
15
215
7
312
0
19
129
374
341
257
89
38
349
100
259
360
83
321
45
138
118
59
187
87
248
362
289
336
188
330
197
220
372
172
21
270
159
25
167
39
67
162
88
126
43
91
331
328
18
99
219
76
178
208
160
271
214
274
17
177
44
73
146
221
267
176
375
2
152
266
342
255
86
140
252
283
190
3
309
211
382
185
124
242
258
95
195
154
254
65
180
104
150
179
297
363
1
62
92
298
136
191
287
316
16
32
119
82
305
310
42
102
166
236
250
299
373
281
288
314
317
85
355
54
97
103
223
121
184
378
122
209
280
315
193
239
318
207
36
34
57
60
174
228
245
320
308
5
329
365
80
113
243
313
345
354
11
213
275
170
227
335
353
293
156
251
268
332
357
96
130
50
144
164
347
212
319
322
333
358
28
68
81
151
199
235
364
232
273
294
381
111
112
125
161
202
261
307
361
377
20
137
168
189
265
291
370
9
52
135
27
69
141
49
240
272
286
356
371
4
75
115
158
169
198
326
346
367
12
217
262
359
22
29
90
145
205
295
348
55
84
153
173
210
233
256
282
93
134
143
163
226
237
269
338
63
231
300
339
366
26
35
61
116
285
325
109
110
114
155
196
222
344
53
98
101
117
171
301
376
13
14
64
66
201
264
31
105
120
147
149
181
234
263
279
296
327
380
71
78
142
225
238
241
244
247
311
10
37
58
70
74
108
183
216
379
24
30
41
47
48
56
72
77
94
107
127
128
132
148
175
182
192
203
204
218
230
249
253
260
277
278
284
290
306
323
340
343
350
layer 16
109
239
20
210
97
367
334
120
185
163
265
365
6
368
219
111
331
48
286
364
294
117
252
81
352
10
247
189
319
299
72
139
293
34
0
312
54
383
376
98
161
332
303
25
382
67
267
89
322
309
66
39
263
318
64
91
51
62
192
283
347
222
248
8
216
22
76
107
234
77
85
245
280
149
181
221
186
74
137
236
268
341
116
166
336
90
194
345
60
127
288
275
108
169
237
274
99
147
324
68
187
297
348
167
1
70
79
123
264
314
243
339
26
246
343
269
40
254
329
338
41
370
21
73
96
199
281
255
313
103
328
69
152
361
373
11
71
279
55
131
82
88
176
292
308
344
24
193
323
28
29
179
330
160
224
302
124
130
156
273
43
164
225
381
178
357
133
47
154
202
157
170
209
215
191
285
289
317
2
83
206
56
101
119
177
105
125
228
310
355
31
46
173
230
257
17
36
38
134
261
354
122
266
379
380
50
113
190
208
295
84
100
175
229
290
15
136
311
325
353
45
87
141
146
220
244
342
104
106
155
242
18
172
300
346
359
378
52
151
182
95
118
4
171
198
217
306
371
27
174
231
256
298
363
369
196
200
212
253
94
102
121
159
204
223
262
287
291
340
377
35
110
129
135
150
218
271
296
321
356
3
30
93
188
211
260
272
284
305
351
32
33
37
49
92
168
207
214
232
270
277
333
58
65
78
80
126
143
144
197
205
226
238
250
259
278
349
350
53
63
86
114
132
138
140
183
184
201
213
235
240
249
258
282
304
307
335
362
366
5
7
9
12
13
14
16
19
23
42
44
57
59
61
75
112
115
128
142
145
148
153
158
162
165
180
195
203
227
233
241
251
276
301
315
316
320
326
327
337
358
360
372
374
375
layer 17
312
275
195
144
299
212
116
289
329
209
346
331
302
151
360
33
365
26
334
201
165
167
137
23
170
220
45
351
303
233
306
286
161
61
131
121
30
252
377
136
244
311
266
169
12
19
39
297
203
132
281
326
5
230
241
43
333
82
235
270
274
182
79
41
316
70
56
219
2
32
355
76
294
13
222
378
199
307
180
36
154
204
208
120
146
205
277
381
28
47
0
64
98
239
89
296
251
287
93
187
110
383
88
284
115
18
178
358
99
339
40
75
101
147
143
198
348
160
172
308
371
46
236
51
175
213
238
267
359
34
114
141
27
130
207
84
304
20
243
367
193
16
17
58
223
197
342
140
164
177
158
184
366
237
335
285
174
301
44
55
124
190
253
320
38
352
353
176
295
336
363
65
107
97
260
282
1
156
314
337
7
29
71
227
283
298
69
153
24
31
102
234
249
375
3
134
152
262
380
273
290
327
332
25
263
37
54
117
145
265
293
305
325
347
42
109
168
183
319
322
373
95
126
162
171
257
59
68
148
173
202
211
321
50
127
155
196
242
245
57
96
100
123
181
261
272
310
344
11
22
128
179
264
324
91
225
14
48
77
129
228
246
343
350
357
103
104
185
189
210
250
256
278
315
323
52
53
106
119
135
159
186
240
379
6
67
81
90
226
280
356
4
62
72
73
113
118
157
188
200
318
345
362
374
49
74
80
86
247
248
292
341
10
122
138
142
288
300
309
317
369
63
105
111
192
194
231
271
291
376
15
66
83
92
112
125
133
139
166
206
218
221
224
255
328
8
21
60
108
149
191
216
217
268
276
313
340
364
370
9
35
78
85
87
94
150
163
214
215
229
232
254
258
259
269
279
330
338
349
354
361
368
372
382
layer 18
345
108
72
266
267
168
144
305
251
79
90
242
329
231
22
195
51
277
364
369
127
170
371
383
69
273
295
317
335
196
47
236
229
245
95
165
156
54
225
27
41
20
167
308
280
354
138
13
176
199
9
18
223
123
14
40
117
332
141
114
337
60
343
161
169
304
355
74
193
359
208
183
276
217
370
250
143
12
19
99
321
34
134
125
318
76
271
326
331
210
228
256
182
188
218
373
206
312
86
171
340
110
10
192
39
179
344
55
112
17
238
341
327
82
175
316
339
288
338
24
221
227
216
301
224
121
284
292
113
44
135
149
235
379
53
67
155
201
4
307
328
205
272
303
92
133
154
211
84
118
132
162
215
275
78
96
203
348
6
107
319
320
122
270
380
362
43
101
115
202
116
258
119
152
212
234
88
190
232
56
37
42
150
313
120
265
80
311
351
374
137
186
264
323
180
111
140
185
325
346
131
189
230
289
293
3
243
342
75
97
233
300
94
46
220
283
309
358
31
130
191
32
381
187
240
255
281
298
11
109
297
357
372
146
279
333
5
36
207
226
365
376
0
25
106
136
209
237
257
261
269
330
71
87
164
166
198
259
268
282
361
26
66
73
98
129
158
213
278
363
375
100
103
104
174
246
252
296
350
147
159
181
241
287
299
306
35
77
145
177
204
247
302
314
347
349
366
377
16
38
45
58
65
81
126
148
160
172
184
274
290
322
334
1
7
15
48
59
83
105
142
173
219
222
262
352
8
21
30
49
57
62
63
64
102
128
163
178
194
200
239
286
336
368
2
23
28
29
50
52
61
68
70
93
139
153
263
291
294
310
315
353
356
33
85
89
91
124
151
157
197
214
244
248
249
253
254
260
285
324
360
367
378
382
layer 19
309
304
371
129
43
93
350
376
289
98
178
37
367
47
183
155
67
169
295
368
69
124
381
280
118
352
210
369
106
298
8
17
33
34
351
192
329
190
278
232
189
28
15
77
380
53
255
259
147
212
264
62
163
75
103
64
228
83
374
348
16
100
215
66
80
122
109
217
337
160
194
135
177
359
360
138
35
51
120
158
213
218
94
14
3
142
382
121
204
273
176
165
182
73
145
150
168
268
299
308
365
110
262
276
113
216
188
31
89
203
40
335
137
281
319
341
2
61
284
49
230
171
324
63
159
101
275
223
270
375
18
20
293
58
114
379
59
234
311
339
74
32
76
251
292
214
314
92
166
71
201
227
99
327
349
300
353
30
338
56
180
249
265
269
261
87
241
307
244
84
123
237
6
127
156
258
320
342
42
312
355
130
170
233
266
29
102
179
282
283
252
260
0
136
154
128
133
162
334
112
197
272
225
81
111
125
196
44
175
235
256
322
378
143
157
247
303
361
79
7
229
267
126
296
328
184
291
313
1
72
140
263
271
383
9
50
91
115
326
364
46
86
253
333
82
167
174
199
107
108
243
306
48
226
248
141
161
344
95
164
195
297
332
340
346
325
343
377
54
65
191
202
209
222
287
301
305
5
11
19
23
45
173
236
240
285
331
25
39
13
78
321
362
60
134
146
254
57
88
151
316
318
12
27
68
131
172
181
220
231
315
330
357
363
24
52
105
310
366
4
10
21
70
117
211
219
250
274
288
345
354
356
372
38
139
187
193
198
200
208
238
239
336
358
41
96
104
152
205
302
317
323
347
22
36
90
132
153
185
207
242
245
277
279
290
26
55
85
97
116
119
144
148
149
186
206
221
224
246
257
286
294
370
373
layer 20
51
19
196
170
14
103
336
233
185
70
101
272
262
376
324
64
239
358
326
80
183
34
124
348
310
153
295
148
125
210
217
24
81
163
206
97
161
276
44
87
67
230
8
214
69
12
327
333
23
27
342
365
105
132
339
381
10
228
253
144
216
202
282
58
278
355
256
220
249
352
379
171
363
3
134
104
140
167
377
241
378
48
190
156
189
279
46
154
72
121
277
313
357
85
113
281
334
82
286
29
236
79
226
362
294
300
96
177
60
94
221
108
142
225
299
337
340
159
13
178
318
110
98
126
133
360
380
37
100
116
238
42
229
1
54
83
149
41
270
65
164
176
329
198
223
331
351
267
323
341
31
162
322
49
207
91
201
245
86
316
349
15
95
260
325
4
33
259
287
304
166
180
335
71
354
246
265
200
301
36
192
224
328
35
120
157
191
296
115
292
306
344
25
61
74
145
181
158
215
218
252
320
59
222
250
52
227
93
131
338
343
43
102
199
231
107
152
297
32
117
129
138
186
290
382
78
99
321
17
38
315
371
11
39
208
271
330
16
112
146
147
187
234
307
347
30
118
136
143
193
247
255
275
353
356
111
119
137
168
194
212
285
314
359
383
28
66
135
165
175
197
242
261
372
18
68
92
209
213
257
308
312
375
62
63
77
89
109
179
283
0
45
47
50
53
114
122
123
128
172
174
235
237
268
284
298
303
309
317
345
364
368
369
2
40
56
75
155
169
173
204
205
240
243
248
254
280
289
311
370
5
6
7
9
20
21
22
26
55
57
73
76
84
88
90
106
127
130
139
141
150
151
160
182
184
188
195
203
211
219
232
244
251
258
263
264
266
269
273
274
288
291
293
302
305
319
332
346
350
361
366
367
373
374
layer 21
215
89
380
165
367
225
343
61
316
221
131
315
29
107
371
176
137
158
363
329
76
14
106
256
304
18
170
77
91
171
155
229
383
37
123
24
101
247
124
185
252
13
353
45
240
93
209
190
355
62
87
260
164
47
250
32
197
259
275
265
263
350
236
242
36
288
2
226
318
41
148
365
270
142
146
21
178
300
354
334
254
213
295
379
141
203
258
104
55
342
26
173
193
248
6
97
211
289
23
102
348
35
88
285
357
234
375
75
19
113
294
22
136
311
195
273
278
116
292
64
168
314
30
129
239
59
149
312
320
167
324
10
297
338
33
376
186
40
222
65
132
161
217
299
67
105
153
243
201
126
368
57
184
12
28
227
208
330
7
110
349
356
69
274
341
372
27
373
4
86
108
237
249
125
313
56
290
60
70
172
191
9
48
143
145
196
206
328
361
50
120
121
157
169
364
84
188
281
51
112
175
233
251
301
326
347
99
286
336
133
194
228
381
20
187
244
335
63
122
183
296
52
90
231
232
261
280
359
382
346
11
241
302
306
308
181
276
46
82
92
255
277
31
95
115
192
210
246
253
293
333
377
66
117
139
160
166
16
223
264
319
351
352
358
53
119
128
140
268
322
345
39
71
103
127
199
202
219
235
279
283
291
325
327
331
17
25
49
58
73
79
100
134
147
179
180
198
284
317
344
369
374
0
44
54
72
130
144
152
182
200
204
224
262
272
321
3
15
43
81
98
118
135
154
159
177
189
245
257
269
282
305
309
323
332
378
1
5
8
34
38
42
68
74
78
80
83
85
94
96
109
111
114
138
150
151
156
162
163
174
205
207
212
214
216
218
220
230
238
266
267
271
287
298
303
307
310
337
339
340
360
362
366
370
layer 22
184
277
363
338
313
6
238
81
199
12
314
157
331
48
171
120
36
75
373
342
317
207
209
228
355
216
244
34
323
23
53
259
155
318
239
181
210
28
226
372
13
362
154
176
114
126
218
357
220
288
91
32
158
141
142
197
8
366
254
52
200
285
360
41
300
329
19
205
63
270
319
146
283
46
90
374
272
231
367
241
150
249
1
345
112
219
193
274
173
256
326
182
340
83
69
278
96
195
297
31
149
160
351
55
185
20
139
232
0
61
10
43
98
201
378
58
60
152
276
336
273
136
255
187
292
225
15
192
350
138
163
204
217
263
42
74
174
97
242
64
67
49
118
344
133
54
78
109
230
269
330
352
5
51
162
183
284
347
167
121
148
327
47
212
279
286
365
24
87
264
117
82
289
321
66
77
119
145
151
169
203
247
333
93
123
172
320
79
280
334
168
175
341
80
108
260
302
309
16
325
371
4
125
189
235
375
18
21
99
100
180
186
348
27
30
144
208
349
86
266
295
39
70
130
282
296
299
29
50
85
95
265
3
161
198
227
281
301
307
335
159
188
262
2
9
57
111
234
251
287
370
379
7
22
68
206
258
290
293
316
383
101
105
303
65
104
179
261
304
311
322
364
376
382
38
45
73
110
156
166
190
214
215
245
294
103
113
134
147
177
178
213
236
253
306
361
56
89
115
127
153
223
233
380
381
26
62
84
88
94
107
116
194
196
222
224
248
250
324
328
346
358
377
33
59
72
76
92
102
124
129
202
221
237
240
246
267
271
305
308
312
356
359
11
14
17
25
35
37
40
44
71
106
122
128
131
132
135
137
140
143
164
165
170
191
211
229
243
252
257
268
275
291
298
310
315
332
337
339
343
353
354
368
369
layer 23
177
366
160
356
95
170
147
348
163
167
205
140
222
119
25
364
216
323
230
269
320
56
380
293
228
75
291
35
279
18
172
339
274
46
165
298
87
196
52
258
367
159
225
317
365
213
79
371
60
77
344
49
331
13
111
325
179
88
93
16
296
231
358
155
131
116
150
250
188
199
316
264
343
134
30
89
67
146
50
198
76
209
65
54
157
286
152
156
218
290
378
43
283
127
17
24
237
55
162
78
248
69
368
34
329
361
142
86
115
190
284
180
132
22
97
312
267
375
103
247
91
70
360
144
80
106
166
276
182
281
376
5
201
319
33
63
282
72
236
251
299
62
109
143
227
342
47
187
338
11
181
355
32
92
263
1
10
148
151
178
381
7
164
206
354
12
126
238
377
90
100
66
307
15
326
64
189
294
306
349
23
124
292
297
68
120
125
175
243
314
266
350
135
192
40
183
219
277
301
318
321
335
14
41
139
352
118
254
287
300
372
102
104
137
161
184
210
271
285
336
112
173
176
193
260
357
19
20
27
235
242
334
123
133
265
324
341
379
129
257
304
0
145
212
345
363
136
39
45
214
239
38
85
122
191
186
107
224
322
9
71
226
303
332
217
220
253
255
268
270
29
44
94
149
153
154
185
221
249
3
6
73
171
207
232
275
309
340
353
37
42
48
53
113
261
311
315
370
382
383
4
21
57
82
96
98
128
130
195
200
302
305
362
369
2
26
59
74
83
110
121
204
233
256
278
327
330
333
346
8
36
51
81
84
99
114
117
168
169
174
194
211
240
245
259
272
273
295
313
328
337
373
28
31
58
61
101
105
108
138
141
158
197
202
203
208
215
223
229
234
241
244
246
252
262
280
288
289
308
310
347
351
359
374
layer 24
10
237
72
103
187
273
383
185
107
244
84
308
48
66
183
216
280
225
303
41
12
147
98
63
140
116
143
2
312
60
57
55
329
176
0
24
352
262
337
47
158
325
6
28
235
25
327
109
190
202
375
261
203
326
182
170
171
44
276
87
380
247
168
363
118
342
164
14
70
129
161
131
323
36
200
160
3
83
248
347
123
212
196
295
165
348
266
4
85
272
243
181
77
231
95
275
328
282
166
372
97
45
46
115
178
154
332
8
22
96
101
30
256
39
296
74
94
19
157
331
15
130
150
267
113
224
88
128
227
252
91
278
333
5
199
201
314
362
189
324
297
68
124
167
344
368
284
338
367
148
351
1
9
114
195
139
369
377
99
117
299
76
317
322
81
136
141
32
112
213
146
177
218
108
159
255
290
353
354
149
215
241
257
264
285
288
230
258
29
33
54
120
93
191
339
364
142
318
11
144
221
340
16
341
132
180
246
251
82
209
345
370
110
208
210
281
291
20
73
238
358
106
214
228
233
53
62
105
111
236
253
268
307
330
336
50
125
194
260
274
300
316
374
40
52
104
127
151
283
304
320
31
67
92
138
229
287
289
306
360
361
49
71
119
126
134
226
269
271
277
335
343
356
162
198
222
234
249
37
42
51
64
100
122
188
205
242
245
265
286
292
334
376
379
43
78
133
152
197
220
305
321
359
365
366
34
35
38
59
86
90
121
135
137
163
174
193
240
259
294
313
319
357
13
17
21
23
26
27
79
155
169
173
184
186
192
206
207
219
223
250
311
315
355
371
378
381
382
7
18
56
58
61
65
69
75
80
89
102
145
153
156
172
175
179
204
211
217
232
239
254
263
270
279
293
298
301
302
309
310
346
349
350
373
layer 25
260
272
293
238
122
239
94
103
211
323
348
177
251
5
170
242
243
7
83
220
361
168
207
11
19
359
321
176
208
29
373
162
347
330
51
141
119
375
21
45
369
366
58
290
0
232
111
18
117
253
16
286
223
300
123
105
59
20
90
374
305
139
164
280
303
61
265
371
101
338
55
75
156
255
130
307
80
158
365
231
33
297
318
131
230
3
67
362
36
185
206
37
82
69
276
142
137
129
343
295
73
212
268
150
358
144
227
134
93
121
98
77
349
26
324
157
202
244
151
288
78
86
49
193
313
181
319
71
12
235
281
299
309
266
110
4
315
54
334
183
218
304
311
312
60
63
178
254
277
1
62
124
154
194
31
32
118
167
186
331
381
38
187
337
246
34
65
112
148
174
259
126
128
161
180
336
109
175
248
263
132
159
210
282
30
140
153
197
364
44
57
184
256
283
298
165
216
234
271
301
14
146
160
221
228
279
133
155
322
10
53
95
135
252
261
320
328
114
163
233
344
28
96
179
214
269
23
108
120
136
226
291
310
317
350
17
41
115
285
340
152
204
225
264
267
306
327
383
43
70
99
125
198
201
273
278
357
372
84
89
104
224
284
356
2
25
74
97
191
192
196
237
308
342
40
50
66
149
199
262
275
345
354
47
56
91
92
145
182
302
355
367
68
88
147
172
173
189
200
241
245
274
292
294
326
335
360
376
8
15
24
27
35
42
48
72
81
100
106
138
188
209
229
250
329
339
351
352
6
9
13
22
39
46
52
64
76
79
85
87
102
107
113
116
127
143
166
169
171
190
195
203
205
213
215
217
219
222
236
240
247
249
257
258
270
287
289
296
314
316
325
332
333
341
346
353
363
368
370
377
378
379
380
382
layer 26
228
341
231
116
265
17
338
217
37
315
309
363
127
45
128
336
32
267
378
147
174
183
124
321
257
316
256
198
59
282
55
191
63
297
339
354
242
352
144
164
272
273
329
20
276
101
30
233
357
333
49
113
279
41
201
305
347
303
54
350
380
93
358
372
159
215
367
207
44
126
155
163
248
340
355
368
167
322
27
83
289
343
374
190
87
107
131
286
312
177
26
98
246
121
223
299
86
92
351
51
161
108
188
263
39
287
60
222
359
168
209
224
268
125
170
320
158
102
171
210
346
123
238
239
314
40
138
194
284
82
143
176
21
214
249
57
110
370
179
250
274
152
64
200
277
337
353
382
18
88
205
33
96
348
206
10
67
89
118
186
296
365
11
132
133
225
251
275
19
103
134
2
293
105
192
199
42
109
236
151
213
230
377
69
269
362
240
330
48
53
90
165
193
308
56
95
97
100
115
140
157
195
259
280
345
73
136
160
260
331
8
120
156
283
307
334
12
15
146
173
180
182
227
253
310
311
318
364
28
80
122
178
306
66
135
204
266
290
349
3
16
162
208
235
245
281
319
332
373
1
14
29
79
185
211
258
270
278
342
356
52
65
75
221
304
327
0
111
137
149
172
202
237
254
285
302
328
361
4
9
62
71
112
139
142
181
187
252
335
375
13
61
148
212
244
301
325
371
381
36
46
58
76
85
234
298
317
5
6
34
47
68
77
84
104
106
119
141
150
166
241
255
295
326
383
50
74
114
130
169
220
226
264
291
292
323
324
360
369
31
70
72
81
94
99
117
129
145
154
175
197
216
232
247
262
7
22
23
24
25
35
38
43
78
91
153
184
189
196
203
218
219
229
243
261
271
288
294
300
313
344
366
376
379
layer 27
250
362
164
155
253
208
88
331
105
5
71
11
365
371
3
6
225
272
161
328
96
317
25
368
40
224
121
86
265
264
183
186
358
143
321
274
84
112
19
363
294
48
156
281
297
320
374
9
285
173
63
89
23
167
53
115
351
175
267
149
16
109
127
187
282
45
122
304
163
256
159
257
277
131
237
315
369
80
14
102
301
46
134
356
233
54
211
261
68
56
101
170
251
307
151
364
266
318
153
219
111
128
138
291
333
378
247
240
10
326
12
278
15
65
168
280
212
289
200
227
55
35
375
2
103
147
205
324
323
92
202
270
157
271
58
152
217
41
335
32
249
93
180
203
213
319
325
29
194
223
303
113
242
292
39
85
90
162
166
258
352
77
124
136
158
268
286
308
314
353
82
133
178
185
192
246
269
283
207
279
309
51
61
87
141
222
334
36
49
236
329
142
332
64
199
355
377
74
144
228
254
340
165
197
235
78
83
110
216
238
296
343
154
59
79
132
316
4
67
381
148
209
367
66
70
263
284
344
17
95
98
193
366
7
24
72
75
97
140
169
171
210
259
305
100
273
293
310
354
373
376
379
31
52
126
327
350
383
135
174
218
361
91
182
188
198
201
214
382
47
62
104
108
125
191
245
336
348
359
106
107
116
146
176
179
241
341
360
18
30
81
177
195
204
342
99
123
129
172
215
234
339
26
27
69
76
130
137
181
196
313
345
347
43
60
145
189
231
239
248
262
306
322
370
372
0
20
22
34
37
94
117
139
220
226
230
243
244
252
255
276
287
288
290
298
299
302
312
330
337
346
349
380
1
8
13
21
28
33
38
42
44
50
57
73
114
118
119
120
150
160
184
190
206
221
229
232
260
275
295
300
311
338
357
layer 28
249
315
262
332
175
47
11
335
44
101
111
323
349
338
105
313
357
28
320
45
225
330
353
99
296
346
181
71
269
141
188
102
343
38
143
215
127
319
98
8
217
108
234
287
168
211
370
241
88
352
260
160
104
182
73
218
351
40
321
138
25
36
66
146
361
33
246
356
89
153
41
14
366
18
261
128
90
94
12
298
311
59
244
243
122
147
29
169
17
180
63
69
132
54
310
327
348
255
252
283
299
19
314
57
64
26
32
172
110
118
86
363
202
276
213
268
125
236
240
43
78
198
129
135
42
185
203
205
50
297
345
46
235
87
150
316
7
166
247
294
77
177
194
273
39
97
137
196
233
312
22
109
136
140
331
362
0
83
92
216
134
144
178
226
365
139
165
193
207
304
371
192
5
70
91
250
274
303
16
179
187
229
375
381
27
148
163
209
341
377
75
161
258
295
35
151
266
317
55
224
230
263
324
333
337
248
222
364
383
51
53
58
76
291
336
52
60
197
145
221
344
3
30
81
115
245
259
34
159
184
254
265
347
31
72
74
220
271
288
334
360
369
376
61
174
189
191
277
84
124
158
162
190
300
378
48
113
130
253
368
380
123
126
210
214
242
275
285
9
13
37
67
82
100
131
164
176
206
272
286
293
308
359
379
4
56
62
65
112
116
119
120
223
232
257
281
289
322
326
15
49
133
152
171
173
201
212
227
251
270
280
307
309
329
355
367
382
1
68
79
80
85
96
103
121
157
170
195
219
231
238
264
279
282
290
318
325
342
350
358
374
2
6
10
20
21
23
24
93
95
106
107
114
117
142
149
154
155
156
167
183
186
199
200
204
208
228
237
239
256
267
278
284
292
301
302
305
306
328
339
340
354
372
373
layer 29
308
72
258
160
22
92
77
125
85
313
14
35
78
234
178
24
187
307
17
323
112
105
354
106
283
278
196
65
159
75
206
115
144
266
277
221
241
289
107
251
367
141
315
378
61
27
174
365
262
158
60
199
282
286
330
6
363
191
239
12
130
280
59
218
205
269
318
270
272
294
3
45
4
97
208
87
310
230
39
309
11
118
148
183
220
317
26
149
305
312
142
157
184
62
137
161
121
153
18
358
382
109
173
197
296
322
23
21
245
119
34
102
37
58
366
163
214
347
170
195
10
54
104
202
219
362
190
53
292
259
228
290
123
212
346
356
42
244
297
76
166
2
179
335
100
348
91
133
250
111
120
243
379
268
302
339
36
99
122
134
260
127
138
188
201
271
28
31
203
252
314
331
66
80
131
215
236
238
257
293
9
71
89
210
304
359
30
47
135
155
336
43
129
150
261
284
319
326
7
13
86
93
116
140
189
291
376
44
68
81
82
95
114
117
240
334
52
55
216
263
273
311
83
194
321
345
349
360
132
165
361
152
162
164
287
67
84
136
275
300
329
353
374
29
79
110
154
207
226
255
276
295
369
383
20
40
64
209
231
254
357
15
48
57
177
233
328
340
69
90
126
172
225
253
288
324
70
185
200
224
229
248
256
306
352
124
146
168
175
213
235
264
299
1
32
33
63
113
128
139
143
171
176
182
217
227
232
247
301
320
327
337
341
342
371
380
381
25
41
103
186
192
193
204
237
246
279
285
298
325
333
344
350
355
364
370
372
377
0
5
8
16
19
38
46
49
50
51
56
73
74
88
94
96
98
101
108
145
147
151
156
167
169
180
181
198
211
222
223
242
249
265
267
274
281
303
316
332
338
343
351
368
373
375
layer 30
233
95
99
48
379
336
371
106
203
265
42
310
251
161
231
305
262
259
362
216
224
368
240
227
357
356
222
16
355
5
212
279
263
168
149
373
217
64
2
94
295
90
190
225
3
136
229
20
8
50
255
376
281
326
307
146
340
378
211
68
256
333
360
232
298
153
6
335
248
329
135
332
66
43
45
275
351
381
63
162
12
278
174
322
346
53
219
235
78
215
121
208
30
209
337
124
107
193
88
23
46
375
77
321
62
103
269
282
300
349
25
239
302
309
311
377
134
188
226
250
331
37
184
207
317
28
114
60
165
352
358
96
324
19
44
166
145
276
243
143
177
327
52
180
13
98
301
91
100
185
312
361
57
108
110
167
286
36
84
344
137
283
342
27
61
83
199
237
367
258
85
116
148
245
70
93
200
202
41
164
234
264
72
117
130
205
303
313
171
206
296
69
192
285
380
118
122
170
175
182
154
194
238
320
31
35
55
242
257
267
273
297
350
144
213
354
7
49
270
288
17
92
160
280
359
370
132
150
195
220
287
11
24
58
73
79
128
142
156
172
339
365
127
176
272
315
316
383
0
21
139
299
330
26
159
178
183
198
218
221
252
318
319
374
14
56
125
147
291
304
306
328
347
51
67
181
189
230
18
138
210
241
292
348
9
15
59
71
112
126
131
133
141
163
173
197
254
284
294
314
369
4
10
29
32
33
39
80
101
105
109
111
191
268
345
364
382
47
74
81
97
179
186
249
260
290
308
34
40
102
113
119
129
155
157
158
196
201
228
244
246
253
274
293
323
338
341
353
366
1
22
38
54
65
75
76
82
86
87
89
104
115
120
123
140
151
152
169
187
204
214
223
236
247
261
266
271
277
289
325
334
343
363
372
layer 31
103
188
229
269
253
203
108
141
94
217
52
155
346
70
163
5
347
276
28
82
336
6
353
57
0
225
2
357
237
9
167
160
358
98
250
48
88
191
274
185
71
158
36
3
255
55
165
303
366
64
86
284
221
18
127
361
249
46
318
352
356
298
374
24
184
332
176
68
25
236
379
133
247
369
81
206
350
231
327
342
187
90
135
37
148
83
180
297
156
216
174
322
334
197
310
74
147
42
120
172
230
245
66
27
213
227
145
182
263
107
323
7
143
282
44
181
272
304
118
33
101
199
234
19
87
139
157
299
112
11
26
54
115
151
251
289
23
142
268
293
296
67
123
270
22
93
144
307
317
189
219
316
326
84
89
170
258
362
377
15
45
53
287
343
134
281
325
124
267
138
368
59
223
262
324
14
16
114
149
359
38
202
288
311
140
295
277
312
349
4
20
109
210
351
99
173
208
212
39
110
211
285
12
233
17
168
195
51
63
75
102
132
146
261
315
348
29
47
49
190
378
383
34
171
286
31
41
56
113
121
137
164
193
360
61
266
338
50
105
128
198
215
218
240
280
309
335
337
345
30
32
152
186
283
10
13
204
301
354
58
62
95
96
116
130
162
177
278
291
313
330
344
382
72
85
154
222
224
244
271
294
314
364
77
228
232
239
264
308
339
340
376
92
106
129
192
259
331
375
381
8
35
43
91
97
125
150
175
201
209
235
243
254
260
273
279
300
306
319
365
104
117
136
153
169
238
257
275
305
363
1
69
76
79
119
122
161
178
196
246
329
370
371
21
40
60
65
73
78
80
100
111
126
131
159
166
179
183
194
200
205
207
214
220
226
241
242
248
252
256
265
290
292
302
320
321
328
333
341
355
367
372
373
380
layer 32
303
325
232
235
59
248
237
355
114
145
75
312
288
344
314
143
155
4
353
89
10
251
99
226
294
156
221
234
36
246
49
151
204
261
378
283
298
91
7
347
242
21
249
183
342
350
135
346
290
164
215
138
38
74
369
228
193
187
192
69
238
273
78
352
98
374
260
184
61
6
113
299
90
102
243
329
83
154
301
101
124
152
270
364
167
302
379
22
26
339
79
276
383
341
35
368
213
220
15
287
366
23
37
65
177
39
269
70
95
45
304
367
166
67
34
162
159
382
253
73
86
375
24
209
245
105
141
274
41
214
5
171
144
279
134
149
307
335
103
332
40
136
206
208
146
380
181
129
178
189
373
100
168
117
200
48
142
173
195
268
54
122
140
262
139
289
328
254
282
13
161
309
318
351
157
185
223
337
9
68
264
81
210
263
85
112
305
71
127
291
29
92
119
343
225
252
271
333
12
46
80
115
121
128
153
286
0
109
169
186
188
300
340
285
62
202
207
211
295
362
27
32
93
132
222
265
308
317
72
94
110
175
176
320
130
196
197
239
241
297
358
377
133
137
191
266
88
218
363
1
20
56
107
126
247
250
280
359
360
376
14
58
106
111
182
205
316
30
64
123
190
233
2
8
11
31
118
170
256
315
322
47
82
180
281
284
311
321
327
354
365
372
33
43
66
120
147
219
244
267
277
319
361
381
19
50
63
160
172
194
198
212
240
296
326
336
3
52
53
57
108
131
163
174
255
258
292
323
334
356
357
18
25
42
51
60
77
116
125
150
201
216
217
227
272
338
345
349
16
17
28
44
55
76
84
87
96
97
104
148
158
165
179
199
203
224
229
230
231
236
257
259
275
278
293
306
310
313
324
330
331
348
370
371
layer 33
283
212
101
174
207
229
317
298
194
369
189
69
135
153
274
34
343
292
143
270
260
186
351
23
169
172
294
359
230
8
107
154
246
277
231
327
295
306
210
99
3
183
163
94
54
373
130
84
190
148
220
282
159
198
83
213
127
104
181
232
204
221
318
378
122
152
312
57
355
313
70
126
191
40
290
325
133
241
262
361
147
311
247
10
281
300
5
76
208
48
173
258
166
26
91
32
242
17
92
36
65
46
322
214
254
67
110
115
228
320
276
37
196
337
95
226
264
44
233
237
288
50
119
55
71
7
182
206
209
278
2
6
111
331
365
372
12
105
296
362
171
51
75
52
103
140
218
344
164
339
61
193
240
308
356
381
77
113
144
145
305
354
227
28
58
192
350
368
371
216
1
96
149
248
307
319
66
199
215
234
22
80
271
9
116
151
245
24
88
266
347
102
118
160
180
203
314
346
33
60
68
98
120
202
188
256
25
89
138
161
176
178
205
265
366
367
134
168
310
357
16
30
78
201
41
59
97
141
165
286
324
27
43
82
179
223
257
272
280
287
334
18
79
117
261
263
268
315
360
383
15
21
185
293
301
302
303
379
62
137
329
4
63
170
211
217
225
289
291
332
64
81
222
236
267
275
328
330
364
19
93
106
123
279
299
338
340
380
11
73
87
124
167
177
244
251
316
349
374
38
125
131
139
184
235
269
304
333
345
0
31
72
146
150
157
187
297
352
35
49
86
90
108
142
155
255
284
285
42
45
53
56
85
100
109
158
175
200
224
252
253
326
342
13
14
20
29
39
47
74
112
114
121
128
129
132
136
156
162
195
197
219
238
239
243
249
250
259
273
309
321
323
335
336
341
348
353
358
363
370
375
376
377
382
layer 34
183
319
307
44
366
318
287
167
275
269
19
361
324
294
289
119
72
52
61
210
250
223
14
123
173
148
245
116
280
370
58
140
107
149
65
356
381
188
133
348
342
100
51
121
205
238
314
328
93
229
256
340
225
82
110
128
221
55
355
95
306
362
156
290
215
373
8
83
18
265
310
120
308
32
178
200
258
299
37
253
357
179
186
31
233
332
103
7
26
351
227
264
377
45
323
371
147
292
12
187
241
345
376
130
268
291
92
379
138
209
372
54
317
122
239
331
15
68
231
131
244
154
193
352
94
325
369
17
117
251
374
246
219
335
16
236
321
112
198
240
281
4
134
157
115
141
124
211
60
214
216
262
46
152
43
48
66
70
109
158
277
339
346
368
0
59
284
298
25
129
271
286
333
380
21
78
164
190
293
302
159
40
74
260
96
126
201
67
343
11
39
113
288
358
20
49
90
101
248
249
330
336
341
1
91
259
276
367
105
108
196
272
297
329
76
111
146
224
228
237
334
363
6
13
24
27
57
63
127
177
53
212
29
50
62
106
144
155
247
88
89
206
218
220
234
322
359
9
33
79
81
170
203
208
337
349
80
97
132
142
199
213
252
296
305
316
84
104
137
139
255
36
42
56
143
174
217
230
235
263
301
382
383
285
309
353
365
34
75
85
125
150
160
169
207
242
283
304
313
338
354
135
168
189
261
273
278
311
315
344
375
22
30
47
102
114
161
172
175
176
184
185
194
222
257
270
274
300
312
326
350
378
3
5
10
28
35
41
162
163
166
171
181
182
192
204
232
266
279
282
2
23
38
64
69
71
73
77
86
87
98
99
118
136
145
151
153
165
180
191
195
197
202
226
243
254
267
295
303
320
327
347
360
364
layer 35
306
356
215
153
104
25
240
355
75
145
251
103
42
365
349
193
116
115
59
127
40
186
259
218
326
235
182
336
187
335
97
341
330
36
360
294
106
282
63
86
88
332
289
303
266
227
113
382
28
162
234
312
188
166
7
149
21
286
74
72
247
17
207
13
354
16
258
191
324
20
283
279
52
229
265
304
161
344
284
271
195
321
296
120
352
114
233
184
34
61
133
144
277
309
334
339
26
370
337
209
18
152
295
378
198
203
252
319
230
313
338
100
110
253
262
164
204
346
79
199
287
109
139
155
174
249
383
4
33
71
172
379
117
160
311
81
268
310
358
372
323
325
178
285
359
94
130
212
244
246
147
158
200
281
307
93
3
38
53
56
80
141
157
363
31
292
82
317
68
131
140
171
151
305
5
24
124
210
223
224
340
37
41
136
168
196
213
250
342
167
254
299
58
98
165
243
261
267
318
327
347
377
11
180
242
255
368
371
119
134
135
274
316
102
107
146
206
50
129
176
179
239
263
275
320
328
211
225
248
270
322
329
22
112
170
181
232
39
49
105
216
238
273
353
293
91
92
173
381
67
132
315
367
44
51
62
66
85
87
121
350
369
373
15
84
90
221
237
376
1
23
27
46
111
205
228
236
357
361
2
9
12
29
77
78
101
122
194
231
264
269
314
362
54
64
73
118
125
201
220
245
302
374
0
6
14
30
55
60
69
108
123
208
217
241
260
308
8
43
83
163
175
177
183
185
190
197
214
219
288
298
333
348
351
366
380
10
95
96
99
126
142
150
159
222
280
291
300
345
364
19
32
35
45
47
48
57
65
70
76
89
128
137
138
143
148
154
156
169
189
192
202
226
256
257
272
276
278
290
297
301
331
343
375
layer 36
214
322
80
121
301
76
192
1
313
126
15
266
84
36
22
151
366
272
328
114
310
371
158
166
9
82
169
220
233
288
212
135
60
145
163
308
27
24
196
28
356
133
353
359
52
295
248
238
361
157
382
223
372
194
104
234
378
338
293
231
244
197
252
304
381
362
375
243
261
204
208
349
47
71
253
98
180
99
318
350
100
363
160
225
152
171
73
332
374
271
283
302
346
369
17
327
141
210
224
29
72
43
56
2
317
14
78
303
63
336
333
116
179
42
58
64
142
213
344
127
219
67
45
339
109
249
260
16
46
103
115
155
239
368
10
74
93
143
85
91
246
276
343
3
57
65
94
354
298
337
278
12
51
123
172
273
13
37
177
236
262
281
5
77
191
325
367
50
69
79
165
176
186
289
7
70
242
279
300
95
108
227
258
259
101
130
221
222
232
265
284
162
173
182
190
193
195
202
11
102
124
245
285
291
306
6
125
134
209
305
377
25
199
264
315
19
41
138
215
255
268
8
280
33
184
257
40
87
106
178
188
334
380
329
340
55
89
129
156
323
21
112
136
183
111
203
146
150
201
370
154
211
228
287
312
365
159
164
181
241
269
292
294
330
174
207
296
324
355
373
311
26
170
185
35
118
139
342
352
32
187
230
316
321
379
18
48
137
216
229
235
299
31
34
88
147
168
217
240
256
275
347
364
38
59
96
119
144
161
247
254
270
314
348
23
30
61
113
117
120
148
149
189
282
290
44
62
81
128
175
263
277
286
307
320
326
357
383
0
4
20
39
49
53
54
66
68
75
83
86
90
92
97
105
107
110
122
131
132
140
153
167
198
200
205
206
218
226
237
250
251
267
274
297
309
319
331
335
341
345
351
358
360
376
layer 37
287
181
377
119
308
94
340
345
120
214
240
364
321
63
218
139
230
68
225
366
244
72
73
166
350
359
126
380
43
111
316
89
296
172
182
85
7
44
50
219
245
254
247
223
104
4
151
174
239
276
131
232
369
42
97
325
83
70
177
307
310
334
32
189
282
238
292
171
295
298
221
143
291
234
138
18
69
71
330
0
180
250
167
272
260
268
215
198
217
262
56
157
280
51
302
98
148
212
86
170
315
354
258
228
49
283
288
31
160
186
227
20
375
285
187
190
14
355
168
10
35
12
206
33
82
93
207
191
106
279
361
263
55
135
22
130
100
365
344
128
323
273
194
23
40
67
84
115
331
351
16
48
87
59
78
124
204
362
91
255
317
370
1
13
265
266
275
127
209
248
320
92
134
8
36
118
241
243
352
327
34
57
136
3
101
192
253
301
62
188
102
179
346
28
158
173
224
252
269
333
360
6
24
64
196
246
339
58
328
341
343
349
39
53
74
129
338
15
76
205
303
121
132
140
270
372
147
259
264
348
162
5
21
30
45
77
95
125
318
381
165
278
38
233
371
52
107
178
281
297
326
357
378
60
61
163
257
353
37
112
149
286
290
66
117
155
329
358
373
123
169
208
237
336
9
19
26
75
90
144
161
185
256
293
299
137
153
154
251
47
116
141
142
156
175
216
322
363
46
81
103
271
305
312
319
184
213
231
242
289
300
337
65
80
235
311
382
79
203
261
267
368
29
99
110
113
122
150
176
183
197
220
236
304
313
314
324
367
374
114
133
199
201
226
284
347
379
2
11
17
27
54
96
105
164
195
210
249
277
294
25
41
88
108
109
145
146
152
159
193
200
202
211
222
229
274
306
309
332
335
342
356
376
383
layer 38
21
249
171
208
94
162
190
87
340
50
268
79
36
280
16
103
237
378
17
96
6
85
203
227
15
150
35
234
329
361
326
134
231
377
131
207
213
202
192
276
139
125
320
33
186
347
334
271
283
97
138
155
199
73
265
24
364
37
132
365
55
373
245
101
152
224
368
327
115
31
68
303
89
349
107
118
177
179
7
63
296
314
253
195
255
117
197
328
54
301
86
288
247
236
91
282
257
260
348
230
232
254
277
59
153
169
333
337
144
309
30
57
141
112
217
312
51
323
363
262
343
43
325
148
286
23
140
242
355
69
204
243
338
380
181
225
353
376
108
210
290
19
34
83
209
212
295
305
318
351
215
352
372
151
211
74
147
201
122
28
157
183
308
58
70
71
263
302
307
29
93
49
193
360
60
270
272
298
88
149
239
252
261
332
116
145
187
241
357
90
228
168
284
369
44
133
258
382
61
274
319
375
0
45
126
218
322
82
174
196
315
67
75
285
336
379
121
167
244
20
53
269
311
370
11
40
123
278
350
42
78
119
216
256
335
344
188
226
316
321
366
383
12
64
220
289
8
92
163
173
39
264
291
342
2
9
76
146
176
339
25
250
273
324
13
158
170
178
191
205
120
160
222
235
251
287
159
189
259
1
172
317
331
354
371
4
219
246
292
100
127
165
166
32
130
194
310
26
46
56
81
109
206
281
293
300
345
381
38
41
95
104
105
175
299
65
114
137
214
229
240
313
362
374
14
66
98
128
233
346
367
47
80
154
164
182
198
306
18
48
62
84
102
113
124
267
359
3
5
10
22
27
52
72
77
99
106
110
111
129
135
136
142
143
156
161
180
184
185
200
221
223
238
248
266
275
279
294
297
304
330
341
356
358
layer 39
18
54
215
155
102
112
303
152
32
90
319
317
294
124
352
101
268
83
134
322
99
42
189
281
33
358
272
118
25
15
165
221
374
379
365
59
346
6
355
139
149
254
367
84
202
283
171
329
56
30
123
341
318
127
121
80
213
58
178
305
41
168
277
362
164
306
128
85
0
328
135
289
65
372
381
61
91
194
312
177
235
261
326
133
147
257
13
119
295
187
159
26
256
115
14
24
5
55
110
141
293
20
210
375
2
285
28
265
87
181
140
157
271
334
348
79
176
343
86
308
357
66
170
188
337
349
360
370
313
148
185
324
336
166
354
50
111
97
228
200
286
69
359
8
73
75
307
314
361
160
243
136
291
335
9
92
126
150
190
182
53
27
29
7
36
125
131
371
38
275
10
72
142
163
31
44
208
71
195
104
172
204
290
298
4
116
122
207
229
276
62
232
262
284
304
191
12
21
120
252
301
363
52
64
173
205
332
380
35
231
237
242
278
296
323
1
130
212
266
88
107
263
264
196
226
246
250
350
356
144
214
255
364
156
193
198
339
19
48
175
241
330
333
70
94
201
220
47
60
93
109
167
169
179
184
203
260
292
351
145
311
98
269
368
373
68
240
327
45
138
146
197
247
282
302
310
369
154
199
209
238
244
279
192
234
34
51
78
117
158
224
236
377
11
82
129
206
216
223
100
103
222
230
273
309
325
344
366
3
23
40
161
258
300
382
383
37
106
151
153
183
248
259
274
22
81
95
217
218
315
342
63
67
76
96
132
174
253
287
288
347
378
16
17
39
43
46
49
57
74
77
89
105
108
113
114
137
143
162
180
186
211
219
225
227
233
239
245
249
251
267
270
280
297
299
316
320
321
331
338
340
345
353
376
